(kicad_pcb (version 20171130) (host pcbnew "(5.1.0)-1")

  (general
    (thickness 1.6)
    (drawings 48)
    (tracks 0)
    (zones 0)
    (modules 17)
    (nets 25)
  )

  (page A4)
  (title_block
    (title "Supercon 2019 Blink")
    (date 2019-09-30)
    (rev v01)
    (comment 2 creativecommons.org/licenses/by/4.0)
    (comment 3 "License: CC BY 4.0")
    (comment 4 "Author: Shawn Hymel")
  )

  (layers
    (0 F.Cu signal)
    (31 B.Cu signal)
    (32 B.Adhes user)
    (33 F.Adhes user)
    (34 B.Paste user)
    (35 F.Paste user)
    (36 B.SilkS user)
    (37 F.SilkS user)
    (38 B.Mask user)
    (39 F.Mask user)
    (40 Dwgs.User user)
    (41 Cmts.User user)
    (42 Eco1.User user)
    (43 Eco2.User user)
    (44 Edge.Cuts user)
    (45 Margin user)
    (46 B.CrtYd user)
    (47 F.CrtYd user)
    (48 B.Fab user)
    (49 F.Fab user)
  )

  (setup
    (last_trace_width 0.25)
    (trace_clearance 0.2)
    (zone_clearance 0.508)
    (zone_45_only no)
    (trace_min 0.2)
    (via_size 0.8)
    (via_drill 0.4)
    (via_min_size 0.4)
    (via_min_drill 0.3)
    (uvia_size 0.3)
    (uvia_drill 0.1)
    (uvias_allowed no)
    (uvia_min_size 0.2)
    (uvia_min_drill 0.1)
    (edge_width 0.05)
    (segment_width 0.2)
    (pcb_text_width 0.3)
    (pcb_text_size 1.5 1.5)
    (mod_edge_width 0.12)
    (mod_text_size 1 1)
    (mod_text_width 0.15)
    (pad_size 1.524 1.524)
    (pad_drill 0.762)
    (pad_to_mask_clearance 0.051)
    (solder_mask_min_width 0.25)
    (aux_axis_origin 0 0)
    (visible_elements 7FFFFFFF)
    (pcbplotparams
      (layerselection 0x010fc_ffffffff)
      (usegerberextensions false)
      (usegerberattributes false)
      (usegerberadvancedattributes false)
      (creategerberjobfile false)
      (excludeedgelayer true)
      (linewidth 0.100000)
      (plotframeref false)
      (viasonmask false)
      (mode 1)
      (useauxorigin false)
      (hpglpennumber 1)
      (hpglpenspeed 20)
      (hpglpendiameter 15.000000)
      (psnegative false)
      (psa4output false)
      (plotreference true)
      (plotvalue true)
      (plotinvisibletext false)
      (padsonsilk false)
      (subtractmaskfromsilk false)
      (outputformat 1)
      (mirror false)
      (drillshape 0)
      (scaleselection 1)
      (outputdirectory "gerbers/"))
  )

  (net 0 "")
  (net 1 VCC)
  (net 2 GND)
  (net 3 "Net-(D1-Pad4)")
  (net 4 "Net-(D1-Pad1)")
  (net 5 "Net-(D1-Pad3)")
  (net 6 "Net-(D2-Pad3)")
  (net 7 "Net-(D2-Pad1)")
  (net 8 "Net-(D2-Pad4)")
  (net 9 MISO)
  (net 10 SCK_SCL)
  (net 11 MOSI_SDA)
  (net 12 RST)
  (net 13 "Net-(JP1-Pad3)")
  (net 14 "Net-(JP1-Pad1)")
  (net 15 LED_A_RED)
  (net 16 LED_A_BLUE)
  (net 17 LED_A_GREEN)
  (net 18 LED_B_RED)
  (net 19 LED_B_BLUE)
  (net 20 LED_B_GREEN)
  (net 21 "Net-(U1-Pad12)")
  (net 22 "Net-(U1-Pad13)")
  (net 23 "Net-(X1-Pad5)")
  (net 24 "Net-(X1-Pad6)")

  (net_class Default "This is the default net class."
    (clearance 0.2)
    (trace_width 0.25)
    (via_dia 0.8)
    (via_drill 0.4)
    (uvia_dia 0.3)
    (uvia_drill 0.1)
    (add_net GND)
    (add_net LED_A_BLUE)
    (add_net LED_A_GREEN)
    (add_net LED_A_RED)
    (add_net LED_B_BLUE)
    (add_net LED_B_GREEN)
    (add_net LED_B_RED)
    (add_net MISO)
    (add_net MOSI_SDA)
    (add_net "Net-(D1-Pad1)")
    (add_net "Net-(D1-Pad3)")
    (add_net "Net-(D1-Pad4)")
    (add_net "Net-(D2-Pad1)")
    (add_net "Net-(D2-Pad3)")
    (add_net "Net-(D2-Pad4)")
    (add_net "Net-(JP1-Pad1)")
    (add_net "Net-(JP1-Pad3)")
    (add_net "Net-(U1-Pad12)")
    (add_net "Net-(U1-Pad13)")
    (add_net "Net-(X1-Pad5)")
    (add_net "Net-(X1-Pad6)")
    (add_net RST)
    (add_net SCK_SCL)
    (add_net VCC)
  )

  (module Capacitor_SMD:C_0603_1608Metric (layer B.Cu) (tedit 5B301BBE) (tstamp 5D9523E6)
    (at 164.084 86.36 270)
    (descr "Capacitor SMD 0603 (1608 Metric), square (rectangular) end terminal, IPC_7351 nominal, (Body size source: http://www.tortai-tech.com/upload/download/2011102023233369053.pdf), generated with kicad-footprint-generator")
    (tags capacitor)
    (path /5D92C6E0)
    (attr smd)
    (fp_text reference C1 (at 0 1.43 270) (layer B.SilkS)
      (effects (font (size 1 1) (thickness 0.15)) (justify mirror))
    )
    (fp_text value 10uF (at 0 -1.43 270) (layer B.Fab)
      (effects (font (size 1 1) (thickness 0.15)) (justify mirror))
    )
    (fp_line (start -0.8 -0.4) (end -0.8 0.4) (layer B.Fab) (width 0.1))
    (fp_line (start -0.8 0.4) (end 0.8 0.4) (layer B.Fab) (width 0.1))
    (fp_line (start 0.8 0.4) (end 0.8 -0.4) (layer B.Fab) (width 0.1))
    (fp_line (start 0.8 -0.4) (end -0.8 -0.4) (layer B.Fab) (width 0.1))
    (fp_line (start -0.162779 0.51) (end 0.162779 0.51) (layer B.SilkS) (width 0.12))
    (fp_line (start -0.162779 -0.51) (end 0.162779 -0.51) (layer B.SilkS) (width 0.12))
    (fp_line (start -1.48 -0.73) (end -1.48 0.73) (layer B.CrtYd) (width 0.05))
    (fp_line (start -1.48 0.73) (end 1.48 0.73) (layer B.CrtYd) (width 0.05))
    (fp_line (start 1.48 0.73) (end 1.48 -0.73) (layer B.CrtYd) (width 0.05))
    (fp_line (start 1.48 -0.73) (end -1.48 -0.73) (layer B.CrtYd) (width 0.05))
    (fp_text user %R (at 0 0 270) (layer B.Fab)
      (effects (font (size 0.4 0.4) (thickness 0.06)) (justify mirror))
    )
    (pad 1 smd roundrect (at -0.7875 0 270) (size 0.875 0.95) (layers B.Cu B.Paste B.Mask) (roundrect_rratio 0.25)
      (net 1 VCC))
    (pad 2 smd roundrect (at 0.7875 0 270) (size 0.875 0.95) (layers B.Cu B.Paste B.Mask) (roundrect_rratio 0.25)
      (net 2 GND))
    (model ${KISYS3DMOD}/Capacitor_SMD.3dshapes/C_0603_1608Metric.wrl
      (at (xyz 0 0 0))
      (scale (xyz 1 1 1))
      (rotate (xyz 0 0 0))
    )
  )

  (module Capacitor_SMD:C_0603_1608Metric (layer B.Cu) (tedit 5B301BBE) (tstamp 5D952416)
    (at 136.652 95.504 270)
    (descr "Capacitor SMD 0603 (1608 Metric), square (rectangular) end terminal, IPC_7351 nominal, (Body size source: http://www.tortai-tech.com/upload/download/2011102023233369053.pdf), generated with kicad-footprint-generator")
    (tags capacitor)
    (path /5D92B7E9)
    (attr smd)
    (fp_text reference C2 (at 0 1.43 270) (layer B.SilkS)
      (effects (font (size 1 1) (thickness 0.15)) (justify mirror))
    )
    (fp_text value 0.1uF (at 0 -1.43 270) (layer B.Fab)
      (effects (font (size 1 1) (thickness 0.15)) (justify mirror))
    )
    (fp_text user %R (at 0 0 270) (layer B.Fab)
      (effects (font (size 0.4 0.4) (thickness 0.06)) (justify mirror))
    )
    (fp_line (start 1.48 -0.73) (end -1.48 -0.73) (layer B.CrtYd) (width 0.05))
    (fp_line (start 1.48 0.73) (end 1.48 -0.73) (layer B.CrtYd) (width 0.05))
    (fp_line (start -1.48 0.73) (end 1.48 0.73) (layer B.CrtYd) (width 0.05))
    (fp_line (start -1.48 -0.73) (end -1.48 0.73) (layer B.CrtYd) (width 0.05))
    (fp_line (start -0.162779 -0.51) (end 0.162779 -0.51) (layer B.SilkS) (width 0.12))
    (fp_line (start -0.162779 0.51) (end 0.162779 0.51) (layer B.SilkS) (width 0.12))
    (fp_line (start 0.8 -0.4) (end -0.8 -0.4) (layer B.Fab) (width 0.1))
    (fp_line (start 0.8 0.4) (end 0.8 -0.4) (layer B.Fab) (width 0.1))
    (fp_line (start -0.8 0.4) (end 0.8 0.4) (layer B.Fab) (width 0.1))
    (fp_line (start -0.8 -0.4) (end -0.8 0.4) (layer B.Fab) (width 0.1))
    (pad 2 smd roundrect (at 0.7875 0 270) (size 0.875 0.95) (layers B.Cu B.Paste B.Mask) (roundrect_rratio 0.25)
      (net 2 GND))
    (pad 1 smd roundrect (at -0.7875 0 270) (size 0.875 0.95) (layers B.Cu B.Paste B.Mask) (roundrect_rratio 0.25)
      (net 1 VCC))
    (model ${KISYS3DMOD}/Capacitor_SMD.3dshapes/C_0603_1608Metric.wrl
      (at (xyz 0 0 0))
      (scale (xyz 1 1 1))
      (rotate (xyz 0 0 0))
    )
  )

  (module XZMDKCBDDG45S-9:XZMDKCBDDG45S-9 (layer B.Cu) (tedit 5D927C0F) (tstamp 5D952B2E)
    (at 135.382 78.232 180)
    (descr https://cdn-shop.adafruit.com/product-files/2686/SK6812MINI_REV.01-1-2.pdf)
    (tags "LED RGB NeoPixel Mini")
    (path /5D9783E2)
    (attr smd)
    (fp_text reference D1 (at 0 2.75 180) (layer B.SilkS)
      (effects (font (size 1 1) (thickness 0.15)) (justify mirror))
    )
    (fp_text value LED_RABG (at 0 -3.25 180) (layer B.Fab)
      (effects (font (size 1 1) (thickness 0.15)) (justify mirror))
    )
    (fp_text user %R (at 0 0 180) (layer B.Fab)
      (effects (font (size 0.5 0.5) (thickness 0.1)) (justify mirror))
    )
    (fp_line (start 3.55 1.85) (end -3.55 1.85) (layer B.CrtYd) (width 0.05))
    (fp_line (start 3.55 -1.85) (end 3.55 1.85) (layer B.CrtYd) (width 0.05))
    (fp_line (start -3.55 -1.85) (end 3.55 -1.85) (layer B.CrtYd) (width 0.05))
    (fp_line (start -3.55 1.85) (end -3.55 -1.852) (layer B.CrtYd) (width 0.05))
    (fp_line (start 1.6 1) (end 1 1.6) (layer B.Fab) (width 0.1))
    (fp_line (start -1.6 1.6) (end -1.6 -1.6) (layer B.Fab) (width 0.1))
    (fp_line (start -1.6 -1.6) (end 1.6 -1.6) (layer B.Fab) (width 0.1))
    (fp_line (start 1.6 -1.6) (end 1.6 1.6) (layer B.Fab) (width 0.1))
    (fp_line (start 1.6 1.6) (end -1.6 1.6) (layer B.Fab) (width 0.1))
    (fp_circle (center 0 0) (end 1.6 0) (layer B.Fab) (width 0.1))
    (fp_circle (center 2.65 1.4) (end 2.73 1.4) (layer B.SilkS) (width 0.15))
    (pad 4 smd rect (at 2.6 -0.725 180) (size 1.4 0.8) (layers B.Cu B.Paste B.Mask)
      (net 3 "Net-(D1-Pad4)"))
    (pad 1 smd rect (at 2.6 0.725 180) (size 1.4 0.8) (layers B.Cu B.Paste B.Mask)
      (net 4 "Net-(D1-Pad1)"))
    (pad 3 smd rect (at -2.6 -0.725 180) (size 1.4 0.8) (layers B.Cu B.Paste B.Mask)
      (net 5 "Net-(D1-Pad3)"))
    (pad 2 smd rect (at -2.6 0.725 180) (size 1.4 0.8) (layers B.Cu B.Paste B.Mask)
      (net 1 VCC))
    (model ${KISYS3DMOD}/LED_SMD.3dshapes/LED_SK6812MINI_PLCC4_3.5x3.5mm_P1.75mm.wrl
      (at (xyz 0 0 0))
      (scale (xyz 1 1 1))
      (rotate (xyz 0 0 0))
    )
  )

  (module XZMDKCBDDG45S-9:XZMDKCBDDG45S-9 (layer B.Cu) (tedit 5D927C0F) (tstamp 5D9524B5)
    (at 149.098 78.232 180)
    (descr https://cdn-shop.adafruit.com/product-files/2686/SK6812MINI_REV.01-1-2.pdf)
    (tags "LED RGB NeoPixel Mini")
    (path /5D9931F9)
    (attr smd)
    (fp_text reference D2 (at 0 2.75 180) (layer B.SilkS)
      (effects (font (size 1 1) (thickness 0.15)) (justify mirror))
    )
    (fp_text value LED_RABG (at 0 -3.25 180) (layer B.Fab)
      (effects (font (size 1 1) (thickness 0.15)) (justify mirror))
    )
    (fp_circle (center 2.65 1.4) (end 2.73 1.4) (layer B.SilkS) (width 0.15))
    (fp_circle (center 0 0) (end 1.6 0) (layer B.Fab) (width 0.1))
    (fp_line (start 1.6 1.6) (end -1.6 1.6) (layer B.Fab) (width 0.1))
    (fp_line (start 1.6 -1.6) (end 1.6 1.6) (layer B.Fab) (width 0.1))
    (fp_line (start -1.6 -1.6) (end 1.6 -1.6) (layer B.Fab) (width 0.1))
    (fp_line (start -1.6 1.6) (end -1.6 -1.6) (layer B.Fab) (width 0.1))
    (fp_line (start 1.6 1) (end 1 1.6) (layer B.Fab) (width 0.1))
    (fp_line (start -3.55 1.85) (end -3.55 -1.852) (layer B.CrtYd) (width 0.05))
    (fp_line (start -3.55 -1.85) (end 3.55 -1.85) (layer B.CrtYd) (width 0.05))
    (fp_line (start 3.55 -1.85) (end 3.55 1.85) (layer B.CrtYd) (width 0.05))
    (fp_line (start 3.55 1.85) (end -3.55 1.85) (layer B.CrtYd) (width 0.05))
    (fp_text user %R (at 0 0 180) (layer B.Fab)
      (effects (font (size 0.5 0.5) (thickness 0.1)) (justify mirror))
    )
    (pad 2 smd rect (at -2.6 0.725 180) (size 1.4 0.8) (layers B.Cu B.Paste B.Mask)
      (net 1 VCC))
    (pad 3 smd rect (at -2.6 -0.725 180) (size 1.4 0.8) (layers B.Cu B.Paste B.Mask)
      (net 6 "Net-(D2-Pad3)"))
    (pad 1 smd rect (at 2.6 0.725 180) (size 1.4 0.8) (layers B.Cu B.Paste B.Mask)
      (net 7 "Net-(D2-Pad1)"))
    (pad 4 smd rect (at 2.6 -0.725 180) (size 1.4 0.8) (layers B.Cu B.Paste B.Mask)
      (net 8 "Net-(D2-Pad4)"))
    (model ${KISYS3DMOD}/LED_SMD.3dshapes/LED_SK6812MINI_PLCC4_3.5x3.5mm_P1.75mm.wrl
      (at (xyz 0 0 0))
      (scale (xyz 1 1 1))
      (rotate (xyz 0 0 0))
    )
  )

  (module Connector_Harwin:Harwin_M20-89006xx_1x06_P2.54mm_Horizontal (layer B.Cu) (tedit 5B154A07) (tstamp 5D9525C7)
    (at 156.972 97.79)
    (descr "Harwin Male Horizontal Surface Mount Single Row 2.54mm (0.1 inch) Pitch PCB Connector, M20-89006xx, 6 Pins per row (https://cdn.harwin.com/pdfs/M20-890.pdf), generated with kicad-footprint-generator")
    (tags "connector Harwin M20-890 horizontal")
    (path /5D92CAC0)
    (attr smd)
    (fp_text reference J1 (at -0.48 8.82) (layer B.SilkS)
      (effects (font (size 1 1) (thickness 0.15)) (justify mirror))
    )
    (fp_text value Conn_01x06 (at -0.48 -8.82) (layer B.Fab)
      (effects (font (size 1 1) (thickness 0.15)) (justify mirror))
    )
    (fp_text user %R (at -0.48 0 90) (layer F.Fab)
      (effects (font (size 1 1) (thickness 0.15)))
    )
    (fp_line (start -7.28 -8.12) (end -7.28 8.12) (layer B.CrtYd) (width 0.05))
    (fp_line (start 7.28 -8.12) (end -7.28 -8.12) (layer B.CrtYd) (width 0.05))
    (fp_line (start 7.28 8.12) (end 7.28 -8.12) (layer B.CrtYd) (width 0.05))
    (fp_line (start -7.28 8.12) (end 7.28 8.12) (layer B.CrtYd) (width 0.05))
    (fp_line (start -7.095 7.17) (end -5.525 7.17) (layer B.SilkS) (width 0.12))
    (fp_line (start -7.095 6.35) (end -7.095 7.17) (layer B.SilkS) (width 0.12))
    (fp_line (start 6.895 -6.79) (end 0.895 -6.79) (layer B.SilkS) (width 0.12))
    (fp_line (start 6.895 -5.91) (end 6.895 -6.79) (layer B.SilkS) (width 0.12))
    (fp_line (start 0.895 -5.91) (end 6.895 -5.91) (layer B.SilkS) (width 0.12))
    (fp_line (start -3.955 -6.79) (end -1.845 -6.79) (layer B.SilkS) (width 0.12))
    (fp_line (start -3.955 -5.91) (end -1.845 -5.91) (layer B.SilkS) (width 0.12))
    (fp_line (start 6.895 -4.25) (end 0.895 -4.25) (layer B.SilkS) (width 0.12))
    (fp_line (start 6.895 -3.37) (end 6.895 -4.25) (layer B.SilkS) (width 0.12))
    (fp_line (start 0.895 -3.37) (end 6.895 -3.37) (layer B.SilkS) (width 0.12))
    (fp_line (start -3.955 -4.25) (end -1.845 -4.25) (layer B.SilkS) (width 0.12))
    (fp_line (start -3.955 -3.37) (end -1.845 -3.37) (layer B.SilkS) (width 0.12))
    (fp_line (start 6.895 -1.71) (end 0.895 -1.71) (layer B.SilkS) (width 0.12))
    (fp_line (start 6.895 -0.83) (end 6.895 -1.71) (layer B.SilkS) (width 0.12))
    (fp_line (start 0.895 -0.83) (end 6.895 -0.83) (layer B.SilkS) (width 0.12))
    (fp_line (start -3.955 -1.71) (end -1.845 -1.71) (layer B.SilkS) (width 0.12))
    (fp_line (start -3.955 -0.83) (end -1.845 -0.83) (layer B.SilkS) (width 0.12))
    (fp_line (start 6.895 0.83) (end 0.895 0.83) (layer B.SilkS) (width 0.12))
    (fp_line (start 6.895 1.71) (end 6.895 0.83) (layer B.SilkS) (width 0.12))
    (fp_line (start 0.895 1.71) (end 6.895 1.71) (layer B.SilkS) (width 0.12))
    (fp_line (start -3.955 0.83) (end -1.845 0.83) (layer B.SilkS) (width 0.12))
    (fp_line (start -3.955 1.71) (end -1.845 1.71) (layer B.SilkS) (width 0.12))
    (fp_line (start 6.895 3.37) (end 0.895 3.37) (layer B.SilkS) (width 0.12))
    (fp_line (start 6.895 4.25) (end 6.895 3.37) (layer B.SilkS) (width 0.12))
    (fp_line (start 0.895 4.25) (end 6.895 4.25) (layer B.SilkS) (width 0.12))
    (fp_line (start -3.955 3.37) (end -1.845 3.37) (layer B.SilkS) (width 0.12))
    (fp_line (start -3.955 4.25) (end -1.845 4.25) (layer B.SilkS) (width 0.12))
    (fp_line (start 6.895 5.91) (end 0.895 5.91) (layer B.SilkS) (width 0.12))
    (fp_line (start 6.895 6.79) (end 6.895 5.91) (layer B.SilkS) (width 0.12))
    (fp_line (start 0.895 6.79) (end 6.895 6.79) (layer B.SilkS) (width 0.12))
    (fp_line (start -3.955 5.91) (end -1.845 5.91) (layer B.SilkS) (width 0.12))
    (fp_line (start -3.955 6.79) (end -1.845 6.79) (layer B.SilkS) (width 0.12))
    (fp_line (start -1.845 -7.74) (end -1.845 7.74) (layer B.SilkS) (width 0.12))
    (fp_line (start 0.895 -7.74) (end -1.845 -7.74) (layer B.SilkS) (width 0.12))
    (fp_line (start 0.895 7.74) (end 0.895 -7.74) (layer B.SilkS) (width 0.12))
    (fp_line (start -1.845 7.74) (end 0.895 7.74) (layer B.SilkS) (width 0.12))
    (fp_line (start -1.725 -7.62) (end -1.725 7.22) (layer B.Fab) (width 0.1))
    (fp_line (start 0.775 -7.62) (end -1.725 -7.62) (layer B.Fab) (width 0.1))
    (fp_line (start 0.775 7.62) (end 0.775 -7.62) (layer B.Fab) (width 0.1))
    (fp_line (start -1.325 7.62) (end 0.775 7.62) (layer B.Fab) (width 0.1))
    (fp_line (start -1.725 7.22) (end -1.325 7.62) (layer B.Fab) (width 0.1))
    (fp_line (start 6.775 -6.67) (end 0.775 -6.67) (layer B.Fab) (width 0.1))
    (fp_line (start 6.775 -6.03) (end 6.775 -6.67) (layer B.Fab) (width 0.1))
    (fp_line (start 0.775 -6.03) (end 6.775 -6.03) (layer B.Fab) (width 0.1))
    (fp_line (start -6.425 -6.67) (end -1.725 -6.67) (layer B.Fab) (width 0.1))
    (fp_line (start -6.425 -6.03) (end -6.425 -6.67) (layer B.Fab) (width 0.1))
    (fp_line (start -1.725 -6.03) (end -6.425 -6.03) (layer B.Fab) (width 0.1))
    (fp_line (start 6.775 -4.13) (end 0.775 -4.13) (layer B.Fab) (width 0.1))
    (fp_line (start 6.775 -3.49) (end 6.775 -4.13) (layer B.Fab) (width 0.1))
    (fp_line (start 0.775 -3.49) (end 6.775 -3.49) (layer B.Fab) (width 0.1))
    (fp_line (start -6.425 -4.13) (end -1.725 -4.13) (layer B.Fab) (width 0.1))
    (fp_line (start -6.425 -3.49) (end -6.425 -4.13) (layer B.Fab) (width 0.1))
    (fp_line (start -1.725 -3.49) (end -6.425 -3.49) (layer B.Fab) (width 0.1))
    (fp_line (start 6.775 -1.59) (end 0.775 -1.59) (layer B.Fab) (width 0.1))
    (fp_line (start 6.775 -0.95) (end 6.775 -1.59) (layer B.Fab) (width 0.1))
    (fp_line (start 0.775 -0.95) (end 6.775 -0.95) (layer B.Fab) (width 0.1))
    (fp_line (start -6.425 -1.59) (end -1.725 -1.59) (layer B.Fab) (width 0.1))
    (fp_line (start -6.425 -0.95) (end -6.425 -1.59) (layer B.Fab) (width 0.1))
    (fp_line (start -1.725 -0.95) (end -6.425 -0.95) (layer B.Fab) (width 0.1))
    (fp_line (start 6.775 0.95) (end 0.775 0.95) (layer B.Fab) (width 0.1))
    (fp_line (start 6.775 1.59) (end 6.775 0.95) (layer B.Fab) (width 0.1))
    (fp_line (start 0.775 1.59) (end 6.775 1.59) (layer B.Fab) (width 0.1))
    (fp_line (start -6.425 0.95) (end -1.725 0.95) (layer B.Fab) (width 0.1))
    (fp_line (start -6.425 1.59) (end -6.425 0.95) (layer B.Fab) (width 0.1))
    (fp_line (start -1.725 1.59) (end -6.425 1.59) (layer B.Fab) (width 0.1))
    (fp_line (start 6.775 3.49) (end 0.775 3.49) (layer B.Fab) (width 0.1))
    (fp_line (start 6.775 4.13) (end 6.775 3.49) (layer B.Fab) (width 0.1))
    (fp_line (start 0.775 4.13) (end 6.775 4.13) (layer B.Fab) (width 0.1))
    (fp_line (start -6.425 3.49) (end -1.725 3.49) (layer B.Fab) (width 0.1))
    (fp_line (start -6.425 4.13) (end -6.425 3.49) (layer B.Fab) (width 0.1))
    (fp_line (start -1.725 4.13) (end -6.425 4.13) (layer B.Fab) (width 0.1))
    (fp_line (start 6.775 6.03) (end 0.775 6.03) (layer B.Fab) (width 0.1))
    (fp_line (start 6.775 6.67) (end 6.775 6.03) (layer B.Fab) (width 0.1))
    (fp_line (start 0.775 6.67) (end 6.775 6.67) (layer B.Fab) (width 0.1))
    (fp_line (start -6.425 6.03) (end -1.725 6.03) (layer B.Fab) (width 0.1))
    (fp_line (start -6.425 6.67) (end -6.425 6.03) (layer B.Fab) (width 0.1))
    (fp_line (start -1.725 6.67) (end -6.425 6.67) (layer B.Fab) (width 0.1))
    (pad "" smd rect (at 3.895 6.35) (size 6 0.76) (layers B.SilkS))
    (pad 6 smd rect (at -5.525 -6.35) (size 2.5 1) (layers B.Cu B.Paste B.Mask)
      (net 2 GND))
    (pad 5 smd rect (at -5.525 -3.81) (size 2.5 1) (layers B.Cu B.Paste B.Mask)
      (net 12 RST))
    (pad 4 smd rect (at -5.525 -1.27) (size 2.5 1) (layers B.Cu B.Paste B.Mask)
      (net 11 MOSI_SDA))
    (pad 3 smd rect (at -5.525 1.27) (size 2.5 1) (layers B.Cu B.Paste B.Mask)
      (net 10 SCK_SCL))
    (pad 2 smd rect (at -5.525 3.81) (size 2.5 1) (layers B.Cu B.Paste B.Mask)
      (net 1 VCC))
    (pad 1 smd rect (at -5.525 6.35) (size 2.5 1) (layers B.Cu B.Paste B.Mask)
      (net 9 MISO))
    (model ${KISYS3DMOD}/Connector_Harwin.3dshapes/Harwin_M20-89006xx_1x06_P2.54mm_Horizontal.wrl
      (at (xyz 0 0 0))
      (scale (xyz 1 1 1))
      (rotate (xyz 0 0 0))
    )
  )

  (module footprints:SolderJumper-3_P1.3mm_Bridged123_RoundedPad1.0x1.5mm (layer B.Cu) (tedit 5D92CCD2) (tstamp 5D95247A)
    (at 145.288 103.408 270)
    (descr "SMD Solder 3-pad Jumper, 1x1.5mm rounded Pads, 0.3mm gap, pads 1-2 bridged with 1 copper strip")
    (tags "solder jumper open")
    (path /5D93FB9D)
    (attr virtual)
    (fp_text reference JP1 (at 0 1.8 270) (layer B.SilkS)
      (effects (font (size 1 1) (thickness 0.15)) (justify mirror))
    )
    (fp_text value SolderJumper_3_Bridged123 (at 0 -1.9 270) (layer B.Fab)
      (effects (font (size 1 1) (thickness 0.15)) (justify mirror))
    )
    (fp_line (start -2.05 -0.3) (end -2.05 0.3) (layer B.SilkS) (width 0.12))
    (fp_line (start 1.4 -1) (end -1.4 -1) (layer B.SilkS) (width 0.12))
    (fp_line (start 2.05 0.3) (end 2.05 -0.3) (layer B.SilkS) (width 0.12))
    (fp_line (start -1.4 1) (end 1.4 1) (layer B.SilkS) (width 0.12))
    (fp_line (start -2.3 1.25) (end 2.3 1.25) (layer B.CrtYd) (width 0.05))
    (fp_line (start -2.3 1.25) (end -2.3 -1.25) (layer B.CrtYd) (width 0.05))
    (fp_line (start 2.3 -1.25) (end 2.3 1.25) (layer B.CrtYd) (width 0.05))
    (fp_line (start 2.3 -1.25) (end -2.3 -1.25) (layer B.CrtYd) (width 0.05))
    (fp_arc (start 1.35 0.3) (end 2.05 0.3) (angle 90) (layer B.SilkS) (width 0.12))
    (fp_arc (start 1.35 -0.3) (end 1.35 -1) (angle 90) (layer B.SilkS) (width 0.12))
    (fp_arc (start -1.35 -0.3) (end -2.05 -0.3) (angle 90) (layer B.SilkS) (width 0.12))
    (fp_arc (start -1.35 0.3) (end -1.35 1) (angle 90) (layer B.SilkS) (width 0.12))
    (fp_poly (pts (xy -0.9 0.3) (xy -0.4 0.3) (xy -0.4 -0.3) (xy -0.9 -0.3)) (layer B.Cu) (width 0))
    (fp_poly (pts (xy 0.35 0.3) (xy 0.85 0.3) (xy 0.85 -0.3) (xy 0.35 -0.3)) (layer B.Cu) (width 0))
    (pad 3 smd custom (at 1.3 0 270) (size 1 0.5) (layers B.Cu B.Mask)
      (net 13 "Net-(JP1-Pad3)") (zone_connect 2)
      (options (clearance outline) (anchor rect))
      (primitives
        (gr_circle (center 0 -0.25) (end 0.5 -0.25) (width 0))
        (gr_circle (center 0 0.25) (end 0.5 0.25) (width 0))
        (gr_poly (pts
           (xy -0.55 0.75) (xy 0 0.75) (xy 0 -0.75) (xy -0.55 -0.75)) (width 0))
      ))
    (pad 2 smd rect (at 0 0 270) (size 1 1.5) (layers B.Cu B.Mask)
      (net 1 VCC))
    (pad 1 smd custom (at -1.3 0 270) (size 1 0.5) (layers B.Cu B.Mask)
      (net 14 "Net-(JP1-Pad1)") (zone_connect 2)
      (options (clearance outline) (anchor rect))
      (primitives
        (gr_circle (center 0 -0.25) (end 0.5 -0.25) (width 0))
        (gr_circle (center 0 0.25) (end 0.5 0.25) (width 0))
        (gr_poly (pts
           (xy 0.55 0.75) (xy 0 0.75) (xy 0 -0.75) (xy 0.55 -0.75)) (width 0))
      ))
  )

  (module Resistor_SMD:R_0603_1608Metric (layer B.Cu) (tedit 5B301BBD) (tstamp 5D95254B)
    (at 161.29 86.36 270)
    (descr "Resistor SMD 0603 (1608 Metric), square (rectangular) end terminal, IPC_7351 nominal, (Body size source: http://www.tortai-tech.com/upload/download/2011102023233369053.pdf), generated with kicad-footprint-generator")
    (tags resistor)
    (path /5D92549C)
    (attr smd)
    (fp_text reference R1 (at 0 1.43 270) (layer B.SilkS)
      (effects (font (size 1 1) (thickness 0.15)) (justify mirror))
    )
    (fp_text value 10k (at 0 -1.43 270) (layer B.Fab)
      (effects (font (size 1 1) (thickness 0.15)) (justify mirror))
    )
    (fp_text user %R (at 0 0 270) (layer B.Fab)
      (effects (font (size 0.4 0.4) (thickness 0.06)) (justify mirror))
    )
    (fp_line (start 1.48 -0.73) (end -1.48 -0.73) (layer B.CrtYd) (width 0.05))
    (fp_line (start 1.48 0.73) (end 1.48 -0.73) (layer B.CrtYd) (width 0.05))
    (fp_line (start -1.48 0.73) (end 1.48 0.73) (layer B.CrtYd) (width 0.05))
    (fp_line (start -1.48 -0.73) (end -1.48 0.73) (layer B.CrtYd) (width 0.05))
    (fp_line (start -0.162779 -0.51) (end 0.162779 -0.51) (layer B.SilkS) (width 0.12))
    (fp_line (start -0.162779 0.51) (end 0.162779 0.51) (layer B.SilkS) (width 0.12))
    (fp_line (start 0.8 -0.4) (end -0.8 -0.4) (layer B.Fab) (width 0.1))
    (fp_line (start 0.8 0.4) (end 0.8 -0.4) (layer B.Fab) (width 0.1))
    (fp_line (start -0.8 0.4) (end 0.8 0.4) (layer B.Fab) (width 0.1))
    (fp_line (start -0.8 -0.4) (end -0.8 0.4) (layer B.Fab) (width 0.1))
    (pad 2 smd roundrect (at 0.7875 0 270) (size 0.875 0.95) (layers B.Cu B.Paste B.Mask) (roundrect_rratio 0.25)
      (net 12 RST))
    (pad 1 smd roundrect (at -0.7875 0 270) (size 0.875 0.95) (layers B.Cu B.Paste B.Mask) (roundrect_rratio 0.25)
      (net 1 VCC))
    (model ${KISYS3DMOD}/Resistor_SMD.3dshapes/R_0603_1608Metric.wrl
      (at (xyz 0 0 0))
      (scale (xyz 1 1 1))
      (rotate (xyz 0 0 0))
    )
  )

  (module Resistor_SMD:R_0603_1608Metric (layer B.Cu) (tedit 5B301BBD) (tstamp 5D952446)
    (at 140.462 101.346 180)
    (descr "Resistor SMD 0603 (1608 Metric), square (rectangular) end terminal, IPC_7351 nominal, (Body size source: http://www.tortai-tech.com/upload/download/2011102023233369053.pdf), generated with kicad-footprint-generator")
    (tags resistor)
    (path /5D928F79)
    (attr smd)
    (fp_text reference R2 (at 0 1.43 180) (layer B.SilkS)
      (effects (font (size 1 1) (thickness 0.15)) (justify mirror))
    )
    (fp_text value 4.7k (at 0 -1.43 180) (layer B.Fab)
      (effects (font (size 1 1) (thickness 0.15)) (justify mirror))
    )
    (fp_line (start -0.8 -0.4) (end -0.8 0.4) (layer B.Fab) (width 0.1))
    (fp_line (start -0.8 0.4) (end 0.8 0.4) (layer B.Fab) (width 0.1))
    (fp_line (start 0.8 0.4) (end 0.8 -0.4) (layer B.Fab) (width 0.1))
    (fp_line (start 0.8 -0.4) (end -0.8 -0.4) (layer B.Fab) (width 0.1))
    (fp_line (start -0.162779 0.51) (end 0.162779 0.51) (layer B.SilkS) (width 0.12))
    (fp_line (start -0.162779 -0.51) (end 0.162779 -0.51) (layer B.SilkS) (width 0.12))
    (fp_line (start -1.48 -0.73) (end -1.48 0.73) (layer B.CrtYd) (width 0.05))
    (fp_line (start -1.48 0.73) (end 1.48 0.73) (layer B.CrtYd) (width 0.05))
    (fp_line (start 1.48 0.73) (end 1.48 -0.73) (layer B.CrtYd) (width 0.05))
    (fp_line (start 1.48 -0.73) (end -1.48 -0.73) (layer B.CrtYd) (width 0.05))
    (fp_text user %R (at 0 0 180) (layer B.Fab)
      (effects (font (size 0.4 0.4) (thickness 0.06)) (justify mirror))
    )
    (pad 1 smd roundrect (at -0.7875 0 180) (size 0.875 0.95) (layers B.Cu B.Paste B.Mask) (roundrect_rratio 0.25)
      (net 14 "Net-(JP1-Pad1)"))
    (pad 2 smd roundrect (at 0.7875 0 180) (size 0.875 0.95) (layers B.Cu B.Paste B.Mask) (roundrect_rratio 0.25)
      (net 11 MOSI_SDA))
    (model ${KISYS3DMOD}/Resistor_SMD.3dshapes/R_0603_1608Metric.wrl
      (at (xyz 0 0 0))
      (scale (xyz 1 1 1))
      (rotate (xyz 0 0 0))
    )
  )

  (module Resistor_SMD:R_0603_1608Metric (layer B.Cu) (tedit 5B301BBD) (tstamp 5D95237D)
    (at 140.716 106.172 180)
    (descr "Resistor SMD 0603 (1608 Metric), square (rectangular) end terminal, IPC_7351 nominal, (Body size source: http://www.tortai-tech.com/upload/download/2011102023233369053.pdf), generated with kicad-footprint-generator")
    (tags resistor)
    (path /5D943ECE)
    (attr smd)
    (fp_text reference R3 (at 0 1.43 180) (layer B.SilkS)
      (effects (font (size 1 1) (thickness 0.15)) (justify mirror))
    )
    (fp_text value 4.7k (at 0 -1.43 180) (layer B.Fab)
      (effects (font (size 1 1) (thickness 0.15)) (justify mirror))
    )
    (fp_text user %R (at 0 0 180) (layer B.Fab)
      (effects (font (size 0.4 0.4) (thickness 0.06)) (justify mirror))
    )
    (fp_line (start 1.48 -0.73) (end -1.48 -0.73) (layer B.CrtYd) (width 0.05))
    (fp_line (start 1.48 0.73) (end 1.48 -0.73) (layer B.CrtYd) (width 0.05))
    (fp_line (start -1.48 0.73) (end 1.48 0.73) (layer B.CrtYd) (width 0.05))
    (fp_line (start -1.48 -0.73) (end -1.48 0.73) (layer B.CrtYd) (width 0.05))
    (fp_line (start -0.162779 -0.51) (end 0.162779 -0.51) (layer B.SilkS) (width 0.12))
    (fp_line (start -0.162779 0.51) (end 0.162779 0.51) (layer B.SilkS) (width 0.12))
    (fp_line (start 0.8 -0.4) (end -0.8 -0.4) (layer B.Fab) (width 0.1))
    (fp_line (start 0.8 0.4) (end 0.8 -0.4) (layer B.Fab) (width 0.1))
    (fp_line (start -0.8 0.4) (end 0.8 0.4) (layer B.Fab) (width 0.1))
    (fp_line (start -0.8 -0.4) (end -0.8 0.4) (layer B.Fab) (width 0.1))
    (pad 2 smd roundrect (at 0.7875 0 180) (size 0.875 0.95) (layers B.Cu B.Paste B.Mask) (roundrect_rratio 0.25)
      (net 10 SCK_SCL))
    (pad 1 smd roundrect (at -0.7875 0 180) (size 0.875 0.95) (layers B.Cu B.Paste B.Mask) (roundrect_rratio 0.25)
      (net 13 "Net-(JP1-Pad3)"))
    (model ${KISYS3DMOD}/Resistor_SMD.3dshapes/R_0603_1608Metric.wrl
      (at (xyz 0 0 0))
      (scale (xyz 1 1 1))
      (rotate (xyz 0 0 0))
    )
  )

  (module Resistor_SMD:R_0603_1608Metric (layer B.Cu) (tedit 5B301BBD) (tstamp 5D95251B)
    (at 136.144 86.36 270)
    (descr "Resistor SMD 0603 (1608 Metric), square (rectangular) end terminal, IPC_7351 nominal, (Body size source: http://www.tortai-tech.com/upload/download/2011102023233369053.pdf), generated with kicad-footprint-generator")
    (tags resistor)
    (path /5D97F16F)
    (attr smd)
    (fp_text reference R4 (at 0 1.43 270) (layer B.SilkS)
      (effects (font (size 1 1) (thickness 0.15)) (justify mirror))
    )
    (fp_text value 150 (at 0 -1.43 270) (layer B.Fab)
      (effects (font (size 1 1) (thickness 0.15)) (justify mirror))
    )
    (fp_line (start -0.8 -0.4) (end -0.8 0.4) (layer B.Fab) (width 0.1))
    (fp_line (start -0.8 0.4) (end 0.8 0.4) (layer B.Fab) (width 0.1))
    (fp_line (start 0.8 0.4) (end 0.8 -0.4) (layer B.Fab) (width 0.1))
    (fp_line (start 0.8 -0.4) (end -0.8 -0.4) (layer B.Fab) (width 0.1))
    (fp_line (start -0.162779 0.51) (end 0.162779 0.51) (layer B.SilkS) (width 0.12))
    (fp_line (start -0.162779 -0.51) (end 0.162779 -0.51) (layer B.SilkS) (width 0.12))
    (fp_line (start -1.48 -0.73) (end -1.48 0.73) (layer B.CrtYd) (width 0.05))
    (fp_line (start -1.48 0.73) (end 1.48 0.73) (layer B.CrtYd) (width 0.05))
    (fp_line (start 1.48 0.73) (end 1.48 -0.73) (layer B.CrtYd) (width 0.05))
    (fp_line (start 1.48 -0.73) (end -1.48 -0.73) (layer B.CrtYd) (width 0.05))
    (fp_text user %R (at 0 0 270) (layer B.Fab)
      (effects (font (size 0.4 0.4) (thickness 0.06)) (justify mirror))
    )
    (pad 1 smd roundrect (at -0.7875 0 270) (size 0.875 0.95) (layers B.Cu B.Paste B.Mask) (roundrect_rratio 0.25)
      (net 4 "Net-(D1-Pad1)"))
    (pad 2 smd roundrect (at 0.7875 0 270) (size 0.875 0.95) (layers B.Cu B.Paste B.Mask) (roundrect_rratio 0.25)
      (net 15 LED_A_RED))
    (model ${KISYS3DMOD}/Resistor_SMD.3dshapes/R_0603_1608Metric.wrl
      (at (xyz 0 0 0))
      (scale (xyz 1 1 1))
      (rotate (xyz 0 0 0))
    )
  )

  (module Resistor_SMD:R_0603_1608Metric (layer B.Cu) (tedit 5B301BBD) (tstamp 5D95234D)
    (at 143.002 86.36 270)
    (descr "Resistor SMD 0603 (1608 Metric), square (rectangular) end terminal, IPC_7351 nominal, (Body size source: http://www.tortai-tech.com/upload/download/2011102023233369053.pdf), generated with kicad-footprint-generator")
    (tags resistor)
    (path /5D98003E)
    (attr smd)
    (fp_text reference R5 (at 0 1.43 270) (layer B.SilkS)
      (effects (font (size 1 1) (thickness 0.15)) (justify mirror))
    )
    (fp_text value 100 (at 0 -1.43 270) (layer B.Fab)
      (effects (font (size 1 1) (thickness 0.15)) (justify mirror))
    )
    (fp_text user %R (at 0 0 270) (layer B.Fab)
      (effects (font (size 0.4 0.4) (thickness 0.06)) (justify mirror))
    )
    (fp_line (start 1.48 -0.73) (end -1.48 -0.73) (layer B.CrtYd) (width 0.05))
    (fp_line (start 1.48 0.73) (end 1.48 -0.73) (layer B.CrtYd) (width 0.05))
    (fp_line (start -1.48 0.73) (end 1.48 0.73) (layer B.CrtYd) (width 0.05))
    (fp_line (start -1.48 -0.73) (end -1.48 0.73) (layer B.CrtYd) (width 0.05))
    (fp_line (start -0.162779 -0.51) (end 0.162779 -0.51) (layer B.SilkS) (width 0.12))
    (fp_line (start -0.162779 0.51) (end 0.162779 0.51) (layer B.SilkS) (width 0.12))
    (fp_line (start 0.8 -0.4) (end -0.8 -0.4) (layer B.Fab) (width 0.1))
    (fp_line (start 0.8 0.4) (end 0.8 -0.4) (layer B.Fab) (width 0.1))
    (fp_line (start -0.8 0.4) (end 0.8 0.4) (layer B.Fab) (width 0.1))
    (fp_line (start -0.8 -0.4) (end -0.8 0.4) (layer B.Fab) (width 0.1))
    (pad 2 smd roundrect (at 0.7875 0 270) (size 0.875 0.95) (layers B.Cu B.Paste B.Mask) (roundrect_rratio 0.25)
      (net 16 LED_A_BLUE))
    (pad 1 smd roundrect (at -0.7875 0 270) (size 0.875 0.95) (layers B.Cu B.Paste B.Mask) (roundrect_rratio 0.25)
      (net 5 "Net-(D1-Pad3)"))
    (model ${KISYS3DMOD}/Resistor_SMD.3dshapes/R_0603_1608Metric.wrl
      (at (xyz 0 0 0))
      (scale (xyz 1 1 1))
      (rotate (xyz 0 0 0))
    )
  )

  (module Resistor_SMD:R_0603_1608Metric (layer B.Cu) (tedit 5B301BBD) (tstamp 5D9524EB)
    (at 139.446 86.3855 270)
    (descr "Resistor SMD 0603 (1608 Metric), square (rectangular) end terminal, IPC_7351 nominal, (Body size source: http://www.tortai-tech.com/upload/download/2011102023233369053.pdf), generated with kicad-footprint-generator")
    (tags resistor)
    (path /5D980274)
    (attr smd)
    (fp_text reference R6 (at 0 1.43 270) (layer B.SilkS)
      (effects (font (size 1 1) (thickness 0.15)) (justify mirror))
    )
    (fp_text value 100 (at 0 -1.43 270) (layer B.Fab)
      (effects (font (size 1 1) (thickness 0.15)) (justify mirror))
    )
    (fp_line (start -0.8 -0.4) (end -0.8 0.4) (layer B.Fab) (width 0.1))
    (fp_line (start -0.8 0.4) (end 0.8 0.4) (layer B.Fab) (width 0.1))
    (fp_line (start 0.8 0.4) (end 0.8 -0.4) (layer B.Fab) (width 0.1))
    (fp_line (start 0.8 -0.4) (end -0.8 -0.4) (layer B.Fab) (width 0.1))
    (fp_line (start -0.162779 0.51) (end 0.162779 0.51) (layer B.SilkS) (width 0.12))
    (fp_line (start -0.162779 -0.51) (end 0.162779 -0.51) (layer B.SilkS) (width 0.12))
    (fp_line (start -1.48 -0.73) (end -1.48 0.73) (layer B.CrtYd) (width 0.05))
    (fp_line (start -1.48 0.73) (end 1.48 0.73) (layer B.CrtYd) (width 0.05))
    (fp_line (start 1.48 0.73) (end 1.48 -0.73) (layer B.CrtYd) (width 0.05))
    (fp_line (start 1.48 -0.73) (end -1.48 -0.73) (layer B.CrtYd) (width 0.05))
    (fp_text user %R (at 0 0 270) (layer B.Fab)
      (effects (font (size 0.4 0.4) (thickness 0.06)) (justify mirror))
    )
    (pad 1 smd roundrect (at -0.7875 0 270) (size 0.875 0.95) (layers B.Cu B.Paste B.Mask) (roundrect_rratio 0.25)
      (net 3 "Net-(D1-Pad4)"))
    (pad 2 smd roundrect (at 0.7875 0 270) (size 0.875 0.95) (layers B.Cu B.Paste B.Mask) (roundrect_rratio 0.25)
      (net 17 LED_A_GREEN))
    (model ${KISYS3DMOD}/Resistor_SMD.3dshapes/R_0603_1608Metric.wrl
      (at (xyz 0 0 0))
      (scale (xyz 1 1 1))
      (rotate (xyz 0 0 0))
    )
  )

  (module Resistor_SMD:R_0603_1608Metric (layer B.Cu) (tedit 5B301BBD) (tstamp 5D95276D)
    (at 150.114 86.36 270)
    (descr "Resistor SMD 0603 (1608 Metric), square (rectangular) end terminal, IPC_7351 nominal, (Body size source: http://www.tortai-tech.com/upload/download/2011102023233369053.pdf), generated with kicad-footprint-generator")
    (tags resistor)
    (path /5D9931FF)
    (attr smd)
    (fp_text reference R7 (at 0 1.43 270) (layer B.SilkS)
      (effects (font (size 1 1) (thickness 0.15)) (justify mirror))
    )
    (fp_text value 150 (at 0 -1.43 270) (layer B.Fab)
      (effects (font (size 1 1) (thickness 0.15)) (justify mirror))
    )
    (fp_line (start -0.8 -0.4) (end -0.8 0.4) (layer B.Fab) (width 0.1))
    (fp_line (start -0.8 0.4) (end 0.8 0.4) (layer B.Fab) (width 0.1))
    (fp_line (start 0.8 0.4) (end 0.8 -0.4) (layer B.Fab) (width 0.1))
    (fp_line (start 0.8 -0.4) (end -0.8 -0.4) (layer B.Fab) (width 0.1))
    (fp_line (start -0.162779 0.51) (end 0.162779 0.51) (layer B.SilkS) (width 0.12))
    (fp_line (start -0.162779 -0.51) (end 0.162779 -0.51) (layer B.SilkS) (width 0.12))
    (fp_line (start -1.48 -0.73) (end -1.48 0.73) (layer B.CrtYd) (width 0.05))
    (fp_line (start -1.48 0.73) (end 1.48 0.73) (layer B.CrtYd) (width 0.05))
    (fp_line (start 1.48 0.73) (end 1.48 -0.73) (layer B.CrtYd) (width 0.05))
    (fp_line (start 1.48 -0.73) (end -1.48 -0.73) (layer B.CrtYd) (width 0.05))
    (fp_text user %R (at 0 0 270) (layer B.Fab)
      (effects (font (size 0.4 0.4) (thickness 0.06)) (justify mirror))
    )
    (pad 1 smd roundrect (at -0.7875 0 270) (size 0.875 0.95) (layers B.Cu B.Paste B.Mask) (roundrect_rratio 0.25)
      (net 7 "Net-(D2-Pad1)"))
    (pad 2 smd roundrect (at 0.7875 0 270) (size 0.875 0.95) (layers B.Cu B.Paste B.Mask) (roundrect_rratio 0.25)
      (net 18 LED_B_RED))
    (model ${KISYS3DMOD}/Resistor_SMD.3dshapes/R_0603_1608Metric.wrl
      (at (xyz 0 0 0))
      (scale (xyz 1 1 1))
      (rotate (xyz 0 0 0))
    )
  )

  (module Resistor_SMD:R_0603_1608Metric (layer B.Cu) (tedit 5B301BBD) (tstamp 5D95279D)
    (at 157.734 86.36 270)
    (descr "Resistor SMD 0603 (1608 Metric), square (rectangular) end terminal, IPC_7351 nominal, (Body size source: http://www.tortai-tech.com/upload/download/2011102023233369053.pdf), generated with kicad-footprint-generator")
    (tags resistor)
    (path /5D993205)
    (attr smd)
    (fp_text reference R8 (at 0 1.43 270) (layer B.SilkS)
      (effects (font (size 1 1) (thickness 0.15)) (justify mirror))
    )
    (fp_text value 100 (at 0 -1.43 270) (layer B.Fab)
      (effects (font (size 1 1) (thickness 0.15)) (justify mirror))
    )
    (fp_text user %R (at 0 0 270) (layer B.Fab)
      (effects (font (size 0.4 0.4) (thickness 0.06)) (justify mirror))
    )
    (fp_line (start 1.48 -0.73) (end -1.48 -0.73) (layer B.CrtYd) (width 0.05))
    (fp_line (start 1.48 0.73) (end 1.48 -0.73) (layer B.CrtYd) (width 0.05))
    (fp_line (start -1.48 0.73) (end 1.48 0.73) (layer B.CrtYd) (width 0.05))
    (fp_line (start -1.48 -0.73) (end -1.48 0.73) (layer B.CrtYd) (width 0.05))
    (fp_line (start -0.162779 -0.51) (end 0.162779 -0.51) (layer B.SilkS) (width 0.12))
    (fp_line (start -0.162779 0.51) (end 0.162779 0.51) (layer B.SilkS) (width 0.12))
    (fp_line (start 0.8 -0.4) (end -0.8 -0.4) (layer B.Fab) (width 0.1))
    (fp_line (start 0.8 0.4) (end 0.8 -0.4) (layer B.Fab) (width 0.1))
    (fp_line (start -0.8 0.4) (end 0.8 0.4) (layer B.Fab) (width 0.1))
    (fp_line (start -0.8 -0.4) (end -0.8 0.4) (layer B.Fab) (width 0.1))
    (pad 2 smd roundrect (at 0.7875 0 270) (size 0.875 0.95) (layers B.Cu B.Paste B.Mask) (roundrect_rratio 0.25)
      (net 19 LED_B_BLUE))
    (pad 1 smd roundrect (at -0.7875 0 270) (size 0.875 0.95) (layers B.Cu B.Paste B.Mask) (roundrect_rratio 0.25)
      (net 6 "Net-(D2-Pad3)"))
    (model ${KISYS3DMOD}/Resistor_SMD.3dshapes/R_0603_1608Metric.wrl
      (at (xyz 0 0 0))
      (scale (xyz 1 1 1))
      (rotate (xyz 0 0 0))
    )
  )

  (module Resistor_SMD:R_0603_1608Metric (layer B.Cu) (tedit 5B301BBD) (tstamp 5D95268F)
    (at 153.416 86.36 270)
    (descr "Resistor SMD 0603 (1608 Metric), square (rectangular) end terminal, IPC_7351 nominal, (Body size source: http://www.tortai-tech.com/upload/download/2011102023233369053.pdf), generated with kicad-footprint-generator")
    (tags resistor)
    (path /5D99320B)
    (attr smd)
    (fp_text reference R9 (at 0 1.43 270) (layer B.SilkS)
      (effects (font (size 1 1) (thickness 0.15)) (justify mirror))
    )
    (fp_text value 100 (at 0 -1.43 270) (layer B.Fab)
      (effects (font (size 1 1) (thickness 0.15)) (justify mirror))
    )
    (fp_line (start -0.8 -0.4) (end -0.8 0.4) (layer B.Fab) (width 0.1))
    (fp_line (start -0.8 0.4) (end 0.8 0.4) (layer B.Fab) (width 0.1))
    (fp_line (start 0.8 0.4) (end 0.8 -0.4) (layer B.Fab) (width 0.1))
    (fp_line (start 0.8 -0.4) (end -0.8 -0.4) (layer B.Fab) (width 0.1))
    (fp_line (start -0.162779 0.51) (end 0.162779 0.51) (layer B.SilkS) (width 0.12))
    (fp_line (start -0.162779 -0.51) (end 0.162779 -0.51) (layer B.SilkS) (width 0.12))
    (fp_line (start -1.48 -0.73) (end -1.48 0.73) (layer B.CrtYd) (width 0.05))
    (fp_line (start -1.48 0.73) (end 1.48 0.73) (layer B.CrtYd) (width 0.05))
